50
20
eth0

u  541  480  829  359  733  904  579  630  409  472  821  268  764  209 1000 1000 1000 1000 1000 1000 d  743  422  569  445  753  720  365  699  667  744  588  531  719  428 1000 1000 1000 1000 1000 1000
u  525  670  730  787  577  463  415  688  521  603  210  833  615  574 1000 1000 1000 1000 1000 1000 d  504  692  986  506  676  962  704  357  546  784  440  649  222  366 1000 1000 1000 1000 1000 1000
u  540  690  659  516  475  553  525  540  671  210  820  637  631  705 1000 1000 1000 1000 1000 1000 d  960  791  500  375  541  307  704  587  350  608  679  586  769  635 1000 1000 1000 1000 1000 1000
u  986  458  407  834  659  210  252  478  693  734  476  668  544  515 1000 1000 1000 1000 1000 1000 d  409  704  482  372  761  626  887  532  533  755  712  728  406  486 1000 1000 1000 1000 1000 1000
u  583  685  458  854  203  739  555  688  626  736  485  523  607  651 1000 1000 1000 1000 1000 1000 d  663  408  561  620  766  285  551  595  674  585  428  757  700  802 1000 1000 1000 1000 1000 1000
u  940  681  804  489  449  368  210  774  458  451  465  599  389  825 1000 1000 1000 1000 1000 1000 d  564  584  569  517  343  747  910  457  803  406  631  988  420  453 1000 1000 1000 1000 1000 1000
u  740  339  715  935  559  210  457  288  625  727  555  599  888  435 1000 1000 1000 1000 1000 1000 d  636  763  835  682  607  659  596  780  238  593  830  377  152  647 1000 1000 1000 1000 1000 1000
u  789  426  905  249  607  797  210  599  504  430  522  667  511  886 1000 1000 1000 1000 1000 1000 d  785  477  469  574  233  488  820  584  917  723  574  395  546  808 1000 1000 1000 1000 1000 1000
u  650  490  630  662  210  545  614  764  417  767  700  648  434  794 1000 1000 1000 1000 1000 1000 d  580  784  841  298  539  973  754  206  766  561  521  765  314  493 1000 1000 1000 1000 1000 1000
u  724  579  478  739  460  301  703  638  221  585  924  513  855  672 1000 1000 1000 1000 1000 1000 d  761  563  375  549  636  746  685  561  516  807  751  661  406  377 1000 1000 1000 1000 1000 1000
u  622  565  784  548  210  618  779  590  629  439  850  448  545  339 1000 1000 1000 1000 1000 1000 d  640  739  594  641  855  549  563  835  552  459  387  424  554  599 1000 1000 1000 1000 1000 1000
u  595  529  428  535  854  539  916  516  718  209  627  305  598  494 1000 1000 1000 1000 1000 1000 d  447  349  585  908  514  913  768  476  578  600  368  736  664  486 1000 1000 1000 1000 1000 1000
u  660  880  579  765  566  587  693  923  360  338  743  374  714  210 1000 1000 1000 1000 1000 1000 d  315  529  724  350  725  916  792  886  595  264  196  791  683  628 1000 1000 1000 1000 1000 1000
u  711  751  606  432  404  210  813  563  593  611  529  715  364  746 1000 1000 1000 1000 1000 1000 d  675  489  470  640  647  740  900  263  778  512  602  522  439  716 1000 1000 1000 1000 1000 1000
u  850  776  719  556  181  647  702  574  690  329  646  279  798  645 1000 1000 1000 1000 1000 1000 d  451  729  676  567  603  494  377  931  599  769  562  455  582  598 1000 1000 1000 1000 1000 1000
u  440  822  509  563  509  942  575  576  210  758  474  497  419  669 1000 1000 1000 1000 1000 1000 d  383  501  639  587  663  400  536  934  652  493  916  564  579  547 1000 1000 1000 1000 1000 1000
u  591  684  715  466  210  338  861  705  615  552  559  571  604  497 1000 1000 1000 1000 1000 1000 d  535  581  459  827  552  235  296  644  757  661  572  834  779  660 1000 1000 1000 1000 1000 1000
u  549  518  685  272  701  544  649  554  444  210  747  563  893  804 1000 1000 1000 1000 1000 1000 d  632  405  431  544  306  804  327  537  519  569  746  993  973  608 1000 1000 1000 1000 1000 1000
u  524  210  503  543  639  254  622  997  396  767  525  632  740  536 1000 1000 1000 1000 1000 1000 d  282  745  682  776  750  397  597  875  229  342  910  406  904  498 1000 1000 1000 1000 1000 1000
u  408  464  649  210  775  623  625  696  827  828  605  344  500  768 1000 1000 1000 1000 1000 1000 d  621  804  837  390  646  750  514  820  345  353  550  725  413  623 1000 1000 1000 1000 1000 1000
u  826  388  313  772  529  497  635  715  548  656  845  607  448  210 1000 1000 1000 1000 1000 1000 d  510  691  606  817  718  380  463  493  563  483  660  664  710  636 1000 1000 1000 1000 1000 1000
u  362  618  601  675  960  646  530  528  210  338  343  518  880  805 1000 1000 1000 1000 1000 1000 d  499  797  542  877  601  488  854  643  500  311  478  384  799  620 1000 1000 1000 1000 1000 1000
u  357  358  483  927  761  446  796  282  210  529  546  770  694  481 1000 1000 1000 1000 1000 1000 d  819  850  270  547  704  668  457  651  568  622  521  505  552  657 1000 1000 1000 1000 1000 1000
u  388  539  782  925  869  727  755  208  408  460  480  687  667  500 1000 1000 1000 1000 1000 1000 d  853  578  601  736  605  378  532  504  429  489  413  618  736  922 1000 1000 1000 1000 1000 1000
u  740  546  648  438  311  378  666  751  761  417  737  210  806  667 1000 1000 1000 1000 1000 1000 d  469  751  478  544  757  746  151  741  595  611  707  601  703  540 1000 1000 1000 1000 1000 1000
u  818  565  427  210  582  679  446  744  646  553  546  678  784  477 1000 1000 1000 1000 1000 1000 d  182  395  858  854  336  633  288  650  671  696  660  843  591  736 1000 1000 1000 1000 1000 1000
u  454  445  547  860  993  557  586  395  606  210  763  651  560  643 1000 1000 1000 1000 1000 1000 d  602  560  613  820  499  410  251  822  632  533  852  706  454  638 1000 1000 1000 1000 1000 1000
u  440  596  824  620  499  503  621  391  835  543  712  210  616  727 1000 1000 1000 1000 1000 1000 d  807  649  692  348  411  824  362  896  512  352  624  636  647  633 1000 1000 1000 1000 1000 1000
u  476  806  488  618  604  378  382  638  841  517  763  667  213 1000 1000 1000 1000 1000 1000 1000 d  607  604  649  463  498  953  343  882  409  618  523  668  628  547 1000 1000 1000 1000 1000 1000
u  612  209  725  723  797  621  611  576  310  521  270  451  767  713 1000 1000 1000 1000 1000 1000 d  392  547  241  799  606  879  743  287  816  940  564  697  538  344 1000 1000 1000 1000 1000 1000
u  485  280  674  376  715  497  209  665  440  763  698  645  639  669 1000 1000 1000 1000 1000 1000 d  351  577  285  967  293  729  567  642  836  546  611  579  660  750 1000 1000 1000 1000 1000 1000
u  713  566  504  399  574  915  353  705  620  669  210  709  496  487 1000 1000 1000 1000 1000 1000 d  508  512  501  670  556  610  522  554  430  710  618  456  883  865 1000 1000 1000 1000 1000 1000
u  591  451  467  693  549  633  210  668  456  632  732  700  576  694 1000 1000 1000 1000 1000 1000 d  365  874  196  828  748  754  703  368  820  401  289  543  797  707 1000 1000 1000 1000 1000 1000
u  444  467  722  771  721  769  272  791  687  360  301  210  799  553 1000 1000 1000 1000 1000 1000 d  435  538  529  577  700  799  803  577  519  813  672  490  448  494 1000 1000 1000 1000 1000 1000
u  776  553  425  619  820  651  408  825  578  361  840  665  210  390 1000 1000 1000 1000 1000 1000 d  941  658  423  548  819  656  462  330  368  492  585  578  797  734 1000 1000 1000 1000 1000 1000
u  774  643  651  401  393  373  515  210  751  504  786  437  696  643 1000 1000 1000 1000 1000 1000 d  381  654  601  649  671  601  647  778  554  938  453  689  415  363 1000 1000 1000 1000 1000 1000
u  465  244  422  667  594  962  502  770  640  571  210  744  332  718 1000 1000 1000 1000 1000 1000 d  409  216  706  453  783  370  978  819  579  679  380  647  733  641 1000 1000 1000 1000 1000 1000
u  715  432  398  747  559  841  532  435  497  822  343  210  576  909 1000 1000 1000 1000 1000 1000 d  739  220  482  310  510  642  772  893  832  473  538  617  601  764 1000 1000 1000 1000 1000 1000
u  904  412  561  524  457  731  586  342  817  454  515  855  210  481 1000 1000 1000 1000 1000 1000 d  541  727  830  512  615  698  547  659  489  411  667  496  623  577 1000 1000 1000 1000 1000 1000
u  760  734  649  588  463  451  684  897  905  208  331  294  853  577 1000 1000 1000 1000 1000 1000 d  560  841  420  461  662  256  488  545  915  664  830  853  327  572 1000 1000 1000 1000 1000 1000
u  626  431  453  532  564  617  210  427  824  791  537  458  815  754 1000 1000 1000 1000 1000 1000 d  744  424  539  508  636  671  895  567  804  659  231  196  630  889 1000 1000 1000 1000 1000 1000
u  590  210  643  298  404  535  820  942  778  574  467  703  550  456 1000 1000 1000 1000 1000 1000 d  703  630  522  737  894  557  671  563  444  358  478  743  556  538 1000 1000 1000 1000 1000 1000
u  659  677  589  508  210  828  502  633  561  821  653  292  658  582 1000 1000 1000 1000 1000 1000 d  547  550  643  570  620  551  423  526  547  855  519  800  625  619 1000 1000 1000 1000 1000 1000
u  660  210  575  734  459  540  756  598  631  771  559  443  474  443 1000 1000 1000 1000 1000 1000 d  155  732  545  753  573  188  407  982  596  346  866  588  980  682 1000 1000 1000 1000 1000 1000
u  679  648  210  378  445  693  733  641  407  612  521  445  560  912 1000 1000 1000 1000 1000 1000 d  718  976  687  663  176  336  505  770  307  576  638  659  911  473 1000 1000 1000 1000 1000 1000
u  607  839  639  378  467  513  451  782  827  407  209  524  330 1000 1000 1000 1000 1000 1000 1000 d  453  379  522  443  371  517  873  735  326  664  901  673  775  762 1000 1000 1000 1000 1000 1000
u  540  543  386  898  541  210  530  547  405  712  670  931  658  572 1000 1000 1000 1000 1000 1000 d  521  368  594  645  539  866  496  688  504  571  737  505  701  658 1000 1000 1000 1000 1000 1000
u  542  726  606  275  795  462  210  664  545  708  662  526  481  852 1000 1000 1000 1000 1000 1000 d  289  390  594  581  590  647  514  850  951  457  627  651  766  485 1000 1000 1000 1000 1000 1000
u  373  580  612  680  662  931  428  209  926  538  510  443  722  547 1000 1000 1000 1000 1000 1000 d  490  586  470  753  516  577  541  606  951  650  552  671  730  300 1000 1000 1000 1000 1000 1000
u  463  335  210  806  482  571  538  642  601  577  463  814  559  678 1000 1000 1000 1000 1000 1000 d  850  506  840  892  460  514  543  552  440  379  667  765  415  570 1000 1000 1000 1000 1000 1000
